3,2
3,1
3,3
10,254
10,162
10,206
10,30
10,263
10,305
10,14
10,1
10,212
10,2
10,3
11,17
11,6
11,28
11,30
11,9
11,4
11,1
11,16
11,2
11,3
9,7
9,6
9,1
9,4
9,2
9,3
8,6
8,13
8,11
8,16
8,12
8,1
8,9
8,2
8,3
0,318
12,2
12,1
12,3
84,3
84,2
84,1
84,0
83,3
83,2
83,1
83,0
82,3
82,2
82,1
82,0
81,3
81,2
81,1
81,0
80,3
80,2
80,1
80,0
79,3
20,2
79,2
20,1
79,1
20,3
79,0
78,4
78,3
78,2
78,1
78,0
77,3
77,2
77,1
77,0
76,4
76,3
19,2
76,2
19,1
76,1
19,3
76,0
75,3
75,2
75,1
75,0
74,4
74,3
74,2
74,1
74,0
73,4
73,3
73,2
73,1
73,0
72,4
72,3
72,2
72,1
72,0
71,3
71,2
71,1
71,0
70,4
70,3
70,2
70,1
70,0
69,3
69,2
69,1
69,0
68,3
68,2
68,1
68,0
67,3
67,2
67,1
